101010000
101100100
000000100
101100100
101010001
101101000
000001000
101101000
101000000
101101100
101110000
101110100
101111000
101000100
101111100
001011111
101111101
010110100
101110100
101100101
011010101
100000001
011010110
100000010
101101001
011011001
011100010
001110100
110011001
001110100
110011001
101100101
011000100
100000000
101000000
011010100
011100011
011011000
100000111
101110001
010011000
101111100
101101101
010010101
011000110
100000101
011000101
100000100
101111101
011001010
100000101
101111001
010001010
101101000
101110101
010000111
101100100
101110001
010001010
101101000
101101101
010000111
101100100
001101100
110010001
101110001
010011000
101110000
101101101
010010101
101101100
101100101
011000100
100000110
001101100
110010001
001110100
110011001
001110100
110011001
101100101
011000100
100000010
101010010
101111000
101110001
000111000
111100000
