101001000
101100100
000000100
101100100
101001001
101101000
000001000
101101000
101000001
101110000
101000000
101101100
101110100
101111000
101010000
101111100
001011000
110010100
101100101
011001110
100000010
011001100
011100001
101101001
011010010
100000010
101101001
010010010
101110000
101100101
010001111
101101100
101000001
010111000
101111000
001010000
110001100
111011100
101000000
011011100
011100000
101001010
101111100
101110101
000111100
101001011
101111100
101111001
000111100
111100000
