101000000
101100100
000000100
101100100
101000001
101101000
000001000
101101000
101000010
101101100
000001100
101101100
101010000
101110100
101000000
101110000
101111000
001001000
110000100
110010000
110011000
101000001
011011000
100000001
101101101
011010010
100000010
101101101
010010010
101110000
101000000
010011011
101111000
110101000
111010100
101000000
011010100
011100000
101000100
101111000
101100101
000111000
101000101
101111000
101101001
000111000
101000000
101100100
101000000
101110100
001000100
001010000
101101101
011010010
100000101
101101101
010010010
101110000
101000001
110100100
110110100
101001000
011010100
011100011
101000110
101111000
101100101
000111000
111100000
